a = [1 3 5 7 9];
b = 2 * a;
c = a(4);